# id	file_path	transparent_color_r	g	b
[TEXTURES]
1	resource\\simon_tex.png	116	116	116
2	resource\\map1_tile.png	225	225	225
3	resource\\itemobject.png	116	116	116
[MAP]
# id tile_file 
resource\\map1_mat.txt
[SPRITES]
# id	left	top	right	bottom	alphaX	alphaY	texture_id
#==================SIMON SPRITES===============================
# idle left
40011	1	22	17	52	0	0	1
# idle right
40012	1581	22	1596	52	0	0	1
# walk left
40021	29	22	45	52	0	0	1
40031	46	22	58	52	0	0	1
40041	61	22	78	52	0	0	
# walk right
40022	1553	22	1568	52	0	0	1
40032	1539	22	1552	52	0	0	1
40042	1520	22	1534	52	0	0	1
# jump left
40051	84	22	100	46	0	0	1
# jump right
40052	1498	22	1514	46	0	0	1
# damaged left
40061	275	23	290	52	0	0       0
# damaged right
40062	1307	23	1322	52	0	0	0
# atk left
40111	1	79	25 	109	0	0	1
40121	26	79	41	109	0	0	1
40131	45	79	67	109	0	0	1
# atk right
40112	1573	79	1597	109	0	0	1
40122	1553	79	1568	109	0	0	1
40132	1531	79	1553	109	0	0	1
# atk jump left
40151	147	79	170	101	0	0	0
40161	171	79	190	101	0	0	0
40171	191	79	213	108	0	0	0
# atk jump right
40152	1427	79	1450	108	0	0	0
40162	1407	79	1426	108	0	0	0
40172	1385	79	1406	108	0	0	0
#==================WHIPS ATK SPRITES===============================
# WHIPS 1 left
41001	52	486	60	510	-10	-5	1
41011	10	482	25	503	-11	-5	1
41021	26	486	51	494	28	-5	1
# WHIPS 1 right
41002	1588	486	1596	510	10	-5	1
41012	1572	482	1587	503	11	-5	1
41022	1546	486	1571	494	-15	-5	1
# WHIPS 2 left
41001	52	485	60	509	-10	-5	1
41011	88	481	104	501	-11	-5	1
41021	181	487	221	493	28	-5	1
# WHIPS 2 right
41002	1538	485	1546	510	10	-5	1
41012	1494	481	1510	501	11	-5	1
41022	1377	487	1417	493	-15	-5	1
#==================WHIPS UPDATE SPRITES===============================
45000	1	1	17	17	0	0	3
#==================FIRELAMP SPRITES===============================
42000	175	1	191	33	0	0	3
42001	192	1	209	33	0	0	3
#==================HEART SPRITES===============================
44000	27	1	43	17	0	0	3
#==================PACK SPRITES===============================
44000	44	1	60	17	0	0	3
#==================DAGGER SPRITE===============================
46000	1	18	17	33	0	0	3
#==================DAGGER LEFT FLY===============================
47001	1228	480	1243	488	0	0	0
#==================DAGGER RIGHT FLY===============================
47002	354	480	369	488	0	0	0

# ani_id	sprite1_id	time1	sprite2_id	time2	...
[ANIMATIONS]
# ==== SIMON =========
#idle left
803	40011	100
#idle right
804	40012	100
#walk left 
805	40021	100	40031	100	40041	100
#walk right
806	40022	100	40032	100	40042	100
#jump left
807	40051	100
#jump right
808	40052	100
#damaged left
809	40061	100
#damaged right
810	40062	100
#swip left
815	40111	120	40121	120	40131	120
#swip right
816	40112	120	40122	120	40132	120
#jump swip left
819	40151	100	40161	100	40171	100
#jump swip right
820	40152	100	40162	100	40172	100
# ==== LAMP =========
# idle
720	42000	100	42001	100
# ==== HEART =========
# idle
721	44000	100
# ============================ DAGGER===================	
# ==== DAGGER PICKER =========
# idle
723	46000	100
#
# id	ani1	ani2	ani3
[ANIMATION_SETS]
# SIMON
1	100	101	102	103	104	105	106	107	108	109 	110 	111	112
# FIRE
2	200
#HEART
3	300
# CUNG
4	400
# KIEM
5	500
#Weapon
6	601	602	603	604	605	606	607	608	609	610	611	612
#TienDo
7	701	702

[OBJECTS]
# type	x	y	ani_set_id	extra_settings per object type
# type: 0 = Simon 
# SIMON
0	455	87	1
# --- SCENE PORTAL ----
# type	l	t	ani_set_id	r	b	scene_id
50	128	0	0	160	8	1


